0,511
0,510
0,509
0,508
0,507
45,102
35,36
45,101
45,100
45,99
45,98
45,97
45,96
45,95
45,94
45,93
45,92
45,91
45,90
45,89
45,88
45,87
45,86
45,85
45,84
45,83
45,82
45,81
45,80
45,79
45,78
45,77
45,76
45,75
45,74
45,73
45,72
45,71
45,70
45,69
45,68
45,67
45,66
45,65
45,64
45,37
45,36
45,35
45,34
45,33
45,32
45,31
45,30
45,29
45,28
45,27
45,26
45,25
45,24
45,23
45,22
45,21
45,20
45,19
45,18
45,17
45,16
45,15
45,14
45,13
45,12
45,11
45,10
45,9
0,506
0,505
45,8
0,504
0,503
0,502
0,501
0,500
0,499
0,498
0,497
0,496
0,495
0,494
0,493
0,492
0,491
0,490
0,489
0,488
0,487
0,486
0,485
0,484
0,483
45,7
45,6
0,482
0,481
0,480
0,479
0,478
0,477
0,476
0,475
0,474
0,473
0,472
0,471
0,470
0,469
0,468
0,467
0,466
0,465
0,464
0,463
0,462
0,461
0,460
0,459
0,458
0,457
0,456
0,455
0,454
0,453
0,452
0,451
0,450
0,449
0,448
0,447
0,446
0,445
0,444
0,443
0,442
